Running benchmark for /home/pei/Project/benchmarks/dsb-postgres/code/tools/1_instance_out_aqp/1/query013/query013_0.sql...
0.000, 0.163, 464.629, 2.366, 119.186, 0.643, 131.804, 1178.069, 0.050
0.067, 0.012, 0.555, 0.000, 0.624, 0.059, 2.372, 4.745, 0.024
0.054, 0.014, 0.513, 0.000, 0.560, 0.057, 2.422, 4.424, 0.011
0.056, 0.015, 0.579, 0.000, 0.568, 0.059, 2.366, 4.209, 0.011
0.059, 0.013, 0.518, 0.000, 0.617, 0.059, 2.390, 4.343, 0.012
0.052, 0.013, 0.503, 0.000, 0.593, 0.057, 2.374, 4.452, 0.011
0.080, 0.028, 0.518, 0.000, 0.565, 0.059, 2.510, 4.404, 0.011
0.055, 0.013, 0.518, 0.000, 0.551, 0.059, 2.446, 4.328, 0.011
0.057, 0.013, 0.583, 0.000, 0.554, 0.058, 2.380, 4.092, 0.012
0.071, 0.013, 0.521, 0.000, 0.562, 0.057, 2.445, 4.484, 0.011
0.069, 0.013, 0.524, 0.000, 0.563, 0.070, 2.400, 4.792, 0.028
0.055, 0.013, 0.521, 0.000, 0.551, 0.057, 2.441, 4.650, 0.012
0.060, 0.013, 0.530, 0.001, 0.554, 0.059, 2.431, 4.290, 0.011
0.056, 0.013, 0.518, 0.000, 0.579, 0.059, 2.376, 4.451, 0.012
0.097, 0.013, 0.524, 0.000, 0.555, 0.059, 2.438, 4.487, 0.011
Running benchmark for /home/pei/Project/benchmarks/dsb-postgres/code/tools/1_instance_out_aqp/1/query013_spj/query013_spj_0.sql...
0.095, 0.000, 0.000, 0.000, 0.000, 0.310, 14.074, 8.754, 0.018
0.027, 0.000, 0.000, 0.000, 0.000, 0.086, 2.414, 5.294, 0.012
0.022, 0.000, 0.000, 0.000, 0.000, 0.090, 2.460, 4.611, 0.011
0.032, 0.000, 0.000, 0.000, 0.000, 0.069, 2.417, 5.363, 0.012
0.022, 0.000, 0.000, 0.000, 0.000, 0.071, 2.490, 4.571, 0.011
0.023, 0.000, 0.000, 0.000, 0.000, 0.083, 2.561, 4.708, 0.012
0.024, 0.000, 0.000, 0.000, 0.000, 0.071, 2.523, 4.909, 0.012
0.023, 0.000, 0.000, 0.000, 0.000, 0.071, 2.467, 4.617, 0.011
0.024, 0.000, 0.000, 0.000, 0.000, 0.069, 2.434, 5.373, 0.011
0.025, 0.000, 0.000, 0.000, 0.000, 0.071, 2.503, 4.594, 0.011
0.024, 0.000, 0.000, 0.000, 0.000, 0.084, 2.477, 4.805, 0.011
0.024, 0.000, 0.000, 0.000, 0.000, 0.071, 2.489, 4.932, 0.011
0.021, 0.000, 0.000, 0.000, 0.000, 0.071, 2.482, 5.209, 0.012
0.025, 0.000, 0.000, 0.000, 0.000, 0.072, 2.444, 4.718, 0.013
0.030, 0.000, 0.000, 0.000, 0.000, 0.083, 2.435, 4.611, 0.012
Running benchmark for /home/pei/Project/benchmarks/dsb-postgres/code/tools/1_instance_out_aqp/1/query018/query018_0.sql...
643.028, 0.000, 0.000, 0.000, 0.000, 0.000, 64.745, 24.576, 0.047, 0.026, 0.394, 0.060, 18.999, 61.554, 0.051
29.121, 0.000, 0.000, 0.000, 0.000, 0.000, 0.007, 3.970, 0.032, 0.021, 0.315, 0.068, 1.568, 3.784, 0.010
29.177, 0.000, 0.000, 0.000, 0.000, 0.000, 0.019, 3.893, 0.055, 0.021, 0.299, 0.065, 1.468, 4.070, 0.010
28.446, 0.000, 0.000, 0.000, 0.000, 0.000, 0.006, 4.606, 0.039, 0.021, 0.305, 0.064, 1.520, 3.597, 0.010
29.418, 0.000, 0.000, 0.000, 0.000, 0.000, 0.007, 4.093, 0.034, 0.021, 0.336, 0.066, 1.544, 4.103, 0.010
29.057, 0.000, 0.000, 0.000, 0.000, 0.000, 0.020, 4.768, 0.036, 0.021, 0.289, 0.054, 1.516, 3.850, 0.010
28.694, 0.000, 0.000, 0.000, 0.000, 0.000, 0.019, 3.938, 0.036, 0.026, 0.355, 0.054, 1.514, 3.979, 0.023
29.251, 0.000, 0.000, 0.000, 0.000, 0.000, 0.020, 4.025, 0.047, 0.020, 0.364, 0.051, 1.468, 3.888, 0.010
28.392, 0.000, 0.000, 0.000, 0.000, 0.000, 0.020, 26.039, 0.043, 0.033, 0.541, 0.082, 2.947, 3.526, 0.010
29.351, 0.000, 0.000, 0.000, 0.000, 0.000, 0.006, 4.901, 0.041, 0.022, 0.299, 0.058, 1.518, 3.971, 0.010
28.314, 0.000, 0.000, 0.000, 0.000, 0.000, 0.006, 3.928, 0.033, 0.025, 0.462, 0.090, 2.788, 4.127, 0.025
28.453, 0.000, 0.000, 0.000, 0.000, 0.000, 0.020, 3.928, 0.047, 0.020, 0.306, 0.070, 1.482, 3.994, 0.010
28.581, 0.000, 0.000, 0.000, 0.000, 0.000, 0.006, 3.766, 0.046, 0.021, 0.293, 0.056, 1.525, 3.901, 0.011
29.124, 0.000, 0.000, 0.000, 0.000, 0.000, 0.007, 4.283, 0.036, 0.021, 0.286, 0.056, 1.503, 4.191, 0.026
29.271, 0.000, 0.000, 0.000, 0.000, 0.000, 0.006, 4.709, 0.037, 0.020, 0.302, 0.064, 1.569, 4.096, 0.010
Running benchmark for /home/pei/Project/benchmarks/dsb-postgres/code/tools/1_instance_out_aqp/1/query018_spj/query018_spj_0.sql...
0.121, 0.000, 0.000, 0.000, 0.000, 0.000, 0.022, 27.595, 0.096, 0.047, 0.985, 0.057, 240.870, 0.268, 0.014
0.031, 0.000, 0.000, 0.000, 0.000, 0.000, 0.006, 4.251, 0.043, 0.020, 0.278, 0.043, 25.214, 0.321, 0.011
0.031, 0.000, 0.000, 0.000, 0.000, 0.000, 0.006, 3.912, 0.032, 0.021, 0.277, 0.044, 25.157, 0.256, 0.011
0.036, 0.000, 0.000, 0.000, 0.000, 0.000, 0.009, 3.794, 0.034, 0.023, 0.422, 0.064, 25.232, 0.185, 0.011
0.030, 0.000, 0.000, 0.000, 0.000, 0.000, 0.005, 3.837, 0.030, 0.021, 0.269, 0.042, 25.102, 0.227, 0.012
0.032, 0.000, 0.000, 0.000, 0.000, 0.000, 0.005, 3.852, 0.035, 0.024, 0.401, 0.062, 33.310, 0.203, 0.011
0.031, 0.000, 0.000, 0.000, 0.000, 0.000, 0.006, 4.814, 0.034, 0.025, 0.414, 0.063, 25.241, 0.189, 0.016
0.034, 0.000, 0.000, 0.000, 0.000, 0.000, 0.022, 3.825, 0.036, 0.025, 0.410, 0.062, 26.916, 0.238, 0.011
0.032, 0.000, 0.000, 0.000, 0.000, 0.000, 0.006, 3.754, 0.034, 0.020, 0.278, 0.043, 25.383, 0.219, 0.010
0.034, 0.000, 0.000, 0.000, 0.000, 0.000, 0.007, 3.777, 0.034, 0.024, 0.410, 0.062, 32.492, 0.160, 0.011
0.035, 0.000, 0.000, 0.000, 0.000, 0.000, 0.005, 3.827, 0.035, 0.021, 0.286, 0.043, 25.265, 0.154, 0.011
0.030, 0.000, 0.000, 0.000, 0.000, 0.000, 0.006, 3.875, 0.033, 0.023, 0.409, 0.063, 26.243, 0.185, 0.011
0.033, 0.000, 0.000, 0.000, 0.000, 0.000, 0.007, 3.782, 0.035, 0.020, 0.276, 0.042, 25.314, 0.251, 0.011
0.033, 0.000, 0.000, 0.000, 0.000, 0.000, 0.006, 3.803, 0.038, 0.020, 0.278, 0.042, 25.107, 0.211, 0.012
0.037, 0.000, 0.000, 0.000, 0.000, 0.000, 0.027, 3.956, 0.034, 0.020, 0.292, 0.044, 25.256, 0.254, 0.011
Running benchmark for /home/pei/Project/benchmarks/dsb-postgres/code/tools/1_instance_out_aqp/1/query019/query019_0.sql...
0.069, 0.000, 0.000, 0.000, 0.000, 0.050, 0.928, 175.021, 0.044, 0.020, 0.408, 0.029, 162.012, 248.184, 0.044, 0.018, 1.031, 0.031, 35.238, 0.654, 0.032, 0.093, 0.070, 31.412, 1.433, 0.015
0.046, 0.000, 0.000, 0.000, 0.000, 0.040, 0.739, 8.995, 0.046, 0.021, 0.389, 0.029, 0.685, 5.707, 0.043, 0.019, 1.009, 0.031, 2.707, 0.304, 0.027, 0.068, 0.029, 0.951, 0.379, 0.006
0.044, 0.000, 0.000, 0.000, 0.000, 0.047, 0.739, 10.797, 0.045, 0.020, 0.392, 0.029, 0.686, 5.397, 0.042, 0.021, 1.317, 0.034, 2.798, 0.392, 0.014, 0.068, 0.031, 0.963, 0.388, 0.008
0.057, 0.000, 0.000, 0.000, 0.000, 0.043, 0.741, 10.281, 0.042, 0.019, 0.378, 0.029, 0.676, 5.488, 0.042, 0.019, 0.984, 0.034, 2.327, 0.295, 0.013, 0.076, 0.048, 0.959, 0.371, 0.006
0.051, 0.000, 0.000, 0.000, 0.000, 0.059, 1.095, 10.726, 0.046, 0.020, 0.396, 0.030, 0.686, 5.508, 0.063, 0.019, 0.970, 0.033, 2.111, 0.326, 0.014, 0.070, 0.030, 0.955, 0.375, 0.006
0.050, 0.000, 0.000, 0.000, 0.000, 0.040, 0.749, 10.134, 0.046, 0.020, 0.396, 0.030, 0.689, 5.507, 0.042, 0.019, 0.991, 0.034, 2.451, 0.358, 0.017, 0.069, 0.030, 0.990, 0.428, 0.006
0.049, 0.000, 0.000, 0.000, 0.000, 0.040, 0.749, 8.927, 0.042, 0.020, 0.383, 0.030, 0.688, 5.291, 0.042, 0.020, 1.336, 0.042, 2.251, 0.330, 0.013, 0.067, 0.028, 0.935, 0.402, 0.006
0.049, 0.000, 0.000, 0.000, 0.000, 0.068, 0.735, 10.143, 0.043, 0.020, 0.402, 0.029, 0.680, 5.520, 0.043, 0.018, 0.996, 0.032, 2.173, 0.376, 0.017, 0.069, 0.030, 0.949, 0.372, 0.006
0.047, 0.000, 0.000, 0.000, 0.000, 0.039, 0.724, 11.395, 0.044, 0.020, 0.385, 0.029, 0.686, 5.742, 0.040, 0.019, 0.966, 0.032, 2.215, 0.310, 0.028, 0.068, 0.029, 0.948, 0.405, 0.006
0.047, 0.000, 0.000, 0.000, 0.000, 0.040, 0.754, 14.585, 0.046, 0.020, 0.411, 0.030, 0.689, 5.532, 0.043, 0.018, 1.007, 0.032, 2.353, 0.328, 0.013, 0.071, 0.030, 0.944, 0.361, 0.006
0.048, 0.000, 0.000, 0.000, 0.000, 0.039, 0.742, 12.726, 0.046, 0.021, 0.390, 0.030, 0.686, 5.590, 0.043, 0.019, 1.339, 0.042, 2.994, 0.315, 0.014, 0.069, 0.030, 0.938, 0.408, 0.006
0.047, 0.000, 0.000, 0.000, 0.000, 0.039, 0.725, 10.683, 0.047, 0.020, 0.387, 0.029, 0.683, 5.506, 0.044, 0.020, 1.086, 0.032, 2.707, 0.313, 0.031, 0.090, 0.040, 1.386, 0.518, 0.006
0.048, 0.000, 0.000, 0.000, 0.000, 0.040, 0.741, 11.042, 0.044, 0.021, 0.387, 0.030, 0.698, 5.327, 0.044, 0.019, 0.968, 0.032, 2.813, 0.320, 0.013, 0.071, 0.029, 0.942, 0.369, 0.006
0.050, 0.000, 0.000, 0.000, 0.000, 0.060, 1.078, 10.395, 0.045, 0.020, 0.381, 0.029, 0.669, 5.518, 0.042, 0.019, 0.964, 0.034, 3.050, 0.310, 0.028, 0.070, 0.030, 0.941, 0.521, 0.006
0.049, 0.000, 0.000, 0.000, 0.000, 0.040, 0.752, 11.850, 0.045, 0.020, 0.390, 0.029, 0.684, 5.469, 0.042, 0.018, 0.973, 0.034, 2.728, 0.327, 0.015, 0.070, 0.029, 0.944, 0.348, 0.006
Running benchmark for /home/pei/Project/benchmarks/dsb-postgres/code/tools/1_instance_out_aqp/1/query019_spj/query019_spj_0.sql...
0.189, 0.000, 0.000, 0.000, 0.000, 0.084, 1.690, 31.551, 0.072, 0.031, 0.887, 0.074, 1.842, 20.399, 0.044, 0.068, 0.029, 12.169, 0.172, 0.011
0.105, 0.000, 0.000, 0.000, 0.000, 0.033, 0.613, 7.156, 0.044, 0.018, 0.391, 0.033, 0.851, 3.606, 0.036, 0.061, 0.026, 10.787, 0.134, 0.011
0.097, 0.000, 0.000, 0.000, 0.000, 0.031, 0.586, 11.662, 0.047, 0.019, 0.401, 0.032, 0.856, 3.404, 0.033, 0.066, 0.025, 10.728, 0.152, 0.010
0.108, 0.000, 0.000, 0.000, 0.000, 0.031, 0.591, 10.773, 0.045, 0.020, 0.402, 0.032, 0.853, 2.796, 0.031, 0.064, 0.032, 11.397, 0.129, 0.010
0.100, 0.000, 0.000, 0.000, 0.000, 0.031, 0.597, 9.173, 0.045, 0.020, 0.413, 0.035, 0.943, 2.773, 0.029, 0.059, 0.026, 10.710, 0.129, 0.014
0.098, 0.000, 0.000, 0.000, 0.000, 0.031, 0.606, 12.013, 0.044, 0.020, 0.411, 0.034, 0.880, 3.258, 0.034, 0.061, 0.026, 11.092, 0.173, 0.010
0.100, 0.000, 0.000, 0.000, 0.000, 0.030, 0.632, 8.133, 0.045, 0.019, 0.397, 0.033, 0.857, 3.149, 0.031, 0.058, 0.025, 10.719, 0.118, 0.011
0.100, 0.000, 0.000, 0.000, 0.000, 0.031, 0.600, 13.304, 0.046, 0.021, 0.587, 0.081, 0.875, 2.970, 0.030, 0.072, 0.026, 10.890, 0.150, 0.010
0.097, 0.000, 0.000, 0.000, 0.000, 0.032, 0.600, 6.551, 0.042, 0.019, 0.396, 0.033, 0.861, 3.075, 0.035, 0.062, 0.041, 10.705, 0.145, 0.011
0.100, 0.000, 0.000, 0.000, 0.000, 0.031, 0.593, 11.750, 0.044, 0.019, 0.406, 0.034, 0.964, 2.980, 0.029, 0.095, 0.042, 10.791, 0.125, 0.013
0.103, 0.000, 0.000, 0.000, 0.000, 0.031, 0.659, 6.548, 0.041, 0.018, 0.396, 0.033, 0.919, 2.660, 0.033, 0.061, 0.027, 10.851, 0.129, 0.010
0.096, 0.000, 0.000, 0.000, 0.000, 0.032, 0.592, 10.827, 0.046, 0.018, 0.400, 0.032, 0.851, 2.720, 0.030, 0.060, 0.025, 10.785, 0.129, 0.011
0.098, 0.000, 0.000, 0.000, 0.000, 0.031, 0.630, 9.074, 0.044, 0.019, 0.408, 0.033, 0.872, 2.822, 0.028, 0.058, 0.025, 10.909, 0.149, 0.011
0.097, 0.000, 0.000, 0.000, 0.000, 0.031, 0.601, 14.531, 0.047, 0.018, 0.405, 0.034, 0.868, 2.765, 0.035, 0.059, 0.027, 11.060, 0.164, 0.011
0.101, 0.000, 0.000, 0.000, 0.000, 0.030, 0.590, 9.411, 0.043, 0.020, 0.409, 0.033, 0.929, 3.009, 0.031, 0.057, 0.025, 10.735, 0.132, 0.011
Running benchmark for /home/pei/Project/benchmarks/dsb-postgres/code/tools/1_instance_out_aqp/1/query025/query025_0.sql...
0.040, 0.000, 0.000, 0.000, 0.000, 0.000, 2129.569, 790.366, 0.048, 0.028, 0.840, 0.029, 0.628, 2787.049, 0.042, 0.023, 0.583, 0.051, 2.672, 1892.482, 0.122
0.036, 0.000, 0.000, 0.000, 0.000, 0.000, 0.004, 12.422, 0.050, 0.034, 0.858, 0.029, 0.641, 6.050, 0.046, 0.027, 0.605, 0.054, 2.778, 146.354, 0.099
0.039, 0.000, 0.000, 0.000, 0.000, 0.000, 0.004, 14.684, 0.047, 0.036, 0.851, 0.028, 0.635, 5.939, 0.047, 0.026, 0.604, 0.060, 3.756, 229.937, 0.081
0.038, 0.000, 0.000, 0.000, 0.000, 0.000, 0.004, 15.897, 0.048, 0.035, 0.854, 0.027, 0.636, 6.135, 0.042, 0.025, 0.631, 0.071, 2.694, 156.232, 0.139
0.040, 0.000, 0.000, 0.000, 0.000, 0.000, 0.003, 15.499, 0.048, 0.035, 0.857, 0.028, 0.661, 6.161, 0.048, 0.028, 0.603, 0.051, 2.782, 148.938, 0.126
0.241, 0.000, 0.000, 0.000, 0.000, 0.000, 0.004, 15.286, 0.048, 0.036, 0.854, 0.029, 0.651, 5.994, 0.043, 0.025, 0.596, 0.051, 2.722, 155.697, 0.089
0.201, 0.000, 0.000, 0.000, 0.000, 0.000, 0.004, 15.608, 0.046, 0.035, 0.845, 0.027, 0.640, 6.032, 0.050, 0.027, 0.604, 0.052, 2.712, 145.620, 0.127
0.037, 0.000, 0.000, 0.000, 0.000, 0.000, 0.003, 15.804, 0.050, 0.035, 0.908, 0.027, 0.638, 6.283, 0.043, 0.026, 0.635, 0.053, 2.760, 144.292, 0.121
0.036, 0.000, 0.000, 0.000, 0.000, 0.000, 0.004, 15.834, 0.045, 0.036, 0.857, 0.029, 0.642, 6.044, 0.043, 0.025, 0.592, 0.051, 2.756, 146.149, 0.126
0.111, 0.000, 0.000, 0.000, 0.000, 0.000, 0.004, 19.347, 0.058, 0.043, 1.297, 0.039, 0.890, 6.079, 0.055, 0.033, 0.878, 0.070, 2.755, 152.502, 0.137
0.419, 0.000, 0.000, 0.000, 0.000, 0.000, 0.004, 17.480, 0.050, 0.035, 0.855, 0.027, 0.633, 5.535, 0.045, 0.027, 0.642, 0.052, 2.716, 140.940, 0.153
0.039, 0.000, 0.000, 0.000, 0.000, 0.000, 0.004, 15.399, 0.050, 0.035, 0.855, 0.028, 0.692, 5.956, 0.048, 0.027, 0.611, 0.051, 2.761, 144.191, 0.093
0.366, 0.000, 0.000, 0.000, 0.000, 0.000, 0.004, 17.321, 0.046, 0.035, 0.854, 0.028, 0.659, 5.970, 0.047, 0.026, 0.591, 0.053, 2.697, 182.180, 0.124
0.144, 0.000, 0.000, 0.000, 0.000, 0.000, 0.004, 17.538, 0.047, 0.035, 0.864, 0.028, 0.640, 5.966, 0.044, 0.026, 0.598, 0.052, 2.701, 143.608, 0.089
0.040, 0.000, 0.000, 0.000, 0.000, 0.000, 0.004, 15.424, 0.048, 0.035, 0.855, 0.028, 0.642, 5.907, 0.051, 0.028, 0.617, 0.052, 2.752, 142.129, 0.111
Running benchmark for /home/pei/Project/benchmarks/dsb-postgres/code/tools/1_instance_out_aqp/1/query025_spj/query025_spj_0.sql...
0.222, 0.000, 0.000, 0.000, 0.000, 0.000, 0.003, 602.961, 0.055, 0.030, 0.998, 0.036, 0.769, 744.386, 0.042, 0.025, 0.604, 0.048, 54.483, 794.459, 0.015
0.188, 0.000, 0.000, 0.000, 0.000, 0.000, 0.017, 10.640, 0.096, 0.037, 0.838, 0.028, 0.628, 6.956, 0.048, 0.028, 0.617, 0.062, 48.563, 65.233, 0.014
0.322, 0.000, 0.000, 0.000, 0.000, 0.000, 0.006, 17.576, 0.078, 0.043, 1.493, 0.054, 1.140, 11.779, 0.079, 0.048, 1.049, 0.105, 77.090, 26.841, 0.012
0.148, 0.000, 0.000, 0.000, 0.000, 0.000, 0.004, 10.640, 0.054, 0.036, 0.893, 0.028, 0.642, 6.881, 0.048, 0.026, 0.648, 0.049, 48.670, 27.498, 0.011
0.141, 0.000, 0.000, 0.000, 0.000, 0.000, 0.017, 10.801, 0.052, 0.036, 0.840, 0.029, 0.639, 7.139, 0.058, 0.028, 0.590, 0.080, 47.695, 26.433, 0.011
0.156, 0.000, 0.000, 0.000, 0.000, 0.000, 0.003, 10.869, 0.052, 0.036, 0.912, 0.027, 0.641, 6.960, 0.058, 0.027, 0.592, 0.050, 47.986, 27.855, 0.027
0.192, 0.000, 0.000, 0.000, 0.000, 0.000, 0.005, 10.592, 0.054, 0.037, 0.895, 0.028, 0.628, 7.212, 0.059, 0.028, 0.621, 0.091, 49.479, 27.850, 0.012
0.156, 0.000, 0.000, 0.000, 0.000, 0.000, 0.004, 10.628, 0.050, 0.035, 0.860, 0.028, 0.639, 6.794, 0.060, 0.027, 0.598, 0.080, 50.199, 27.359, 0.011
0.139, 0.000, 0.000, 0.000, 0.000, 0.000, 0.004, 10.876, 0.052, 0.036, 0.838, 0.028, 0.631, 7.084, 0.060, 0.028, 0.594, 0.049, 47.490, 32.193, 0.011
0.135, 0.000, 0.000, 0.000, 0.000, 0.000, 0.005, 10.557, 0.051, 0.038, 0.866, 0.029, 0.629, 6.807, 0.059, 0.028, 0.652, 0.049, 49.152, 27.305, 0.012
0.157, 0.000, 0.000, 0.000, 0.000, 0.000, 0.005, 10.615, 0.053, 0.037, 0.845, 0.029, 0.632, 7.145, 0.059, 0.026, 0.586, 0.050, 49.274, 27.773, 0.027
0.140, 0.000, 0.000, 0.000, 0.000, 0.000, 0.004, 10.772, 0.048, 0.037, 0.845, 0.028, 0.639, 6.900, 0.046, 0.028, 0.600, 0.076, 51.000, 26.573, 0.011
0.211, 0.000, 0.000, 0.000, 0.000, 0.000, 0.003, 10.951, 0.051, 0.037, 0.849, 0.027, 0.668, 7.245, 0.046, 0.027, 0.619, 0.096, 50.851, 27.947, 0.012
0.156, 0.000, 0.000, 0.000, 0.000, 0.000, 0.004, 10.489, 0.047, 0.037, 0.828, 0.027, 0.631, 6.459, 0.059, 0.027, 0.585, 0.048, 49.943, 27.633, 0.011
0.152, 0.000, 0.000, 0.000, 0.000, 0.000, 0.004, 10.730, 0.049, 0.036, 0.838, 0.028, 0.623, 7.053, 0.059, 0.027, 0.592, 0.094, 51.748, 27.214, 0.011
Running benchmark for /home/pei/Project/benchmarks/dsb-postgres/code/tools/1_instance_out_aqp/1/query027_spj/query027_spj_0.sql...
0.412, 0.000, 0.000, 0.000, 0.000, 0.063, 1.273, 213.679, 0.070, 0.117, 0.042, 29.270, 0.173, 0.011
1.682, 0.000, 0.000, 0.000, 0.000, 0.055, 1.036, 9.313, 0.045, 0.124, 0.046, 16.534, 0.134, 0.010
2.025, 0.000, 0.000, 0.000, 0.000, 0.064, 1.040, 9.393, 0.046, 0.120, 0.040, 16.548, 0.135, 0.011
2.296, 0.000, 0.000, 0.000, 0.000, 0.066, 0.988, 9.729, 0.044, 0.121, 0.056, 16.283, 0.128, 0.011
2.022, 0.000, 0.000, 0.000, 0.000, 0.065, 0.992, 15.740, 0.046, 0.121, 0.045, 16.588, 0.133, 0.011
1.416, 0.000, 0.000, 0.000, 0.000, 0.063, 0.998, 9.180, 0.047, 0.189, 0.041, 16.162, 0.133, 0.026
0.749, 0.000, 0.000, 0.000, 0.000, 0.064, 1.005, 10.461, 0.046, 0.122, 0.042, 16.344, 0.127, 0.011
1.736, 0.000, 0.000, 0.000, 0.000, 0.089, 0.994, 10.383, 0.046, 0.123, 0.057, 16.202, 0.129, 0.011
1.486, 0.000, 0.000, 0.000, 0.000, 0.053, 1.011, 11.367, 0.045, 0.119, 0.043, 16.376, 0.128, 0.011
1.926, 0.000, 0.000, 0.000, 0.000, 0.065, 1.007, 9.160, 0.045, 0.138, 0.041, 16.286, 0.125, 0.011
1.948, 0.000, 0.000, 0.000, 0.000, 0.064, 1.003, 9.913, 0.044, 0.134, 0.042, 16.067, 0.135, 0.025
1.869, 0.000, 0.000, 0.000, 0.000, 0.063, 1.004, 9.530, 0.045, 0.120, 0.042, 16.348, 0.129, 0.011
1.983, 0.000, 0.000, 0.000, 0.000, 0.065, 1.329, 9.368, 0.045, 0.119, 0.040, 16.385, 0.179, 0.012
2.142, 0.000, 0.000, 0.000, 0.000, 0.051, 1.007, 22.718, 0.040, 0.122, 0.044, 16.578, 0.126, 0.011
1.767, 0.000, 0.000, 0.000, 0.000, 0.066, 1.061, 9.016, 0.045, 0.150, 0.055, 19.404, 0.173, 0.011
Running benchmark for /home/pei/Project/benchmarks/dsb-postgres/code/tools/1_instance_out_aqp/1/query032/query032_0.sql...
62.712, 0.000, 0.000, 0.000, 0.000, 0.418, 57.718, 18.466, 1290.718, 0.011
0.039, 0.000, 0.000, 0.000, 0.000, 0.077, 0.112, 3.259, 29.294, 0.013
0.039, 0.000, 0.000, 0.000, 0.000, 0.076, 0.108, 3.238, 23.513, 0.012
0.049, 0.000, 0.000, 0.000, 0.000, 0.076, 0.119, 3.202, 24.251, 0.011
0.042, 0.000, 0.000, 0.000, 0.000, 0.075, 0.108, 3.171, 24.876, 0.011
0.040, 0.000, 0.000, 0.000, 0.000, 0.089, 0.110, 3.249, 23.093, 0.011
0.041, 0.000, 0.000, 0.000, 0.000, 0.075, 0.111, 3.251, 24.129, 0.012
0.048, 0.000, 0.000, 0.000, 0.000, 0.094, 0.109, 3.191, 24.335, 0.012
0.039, 0.000, 0.000, 0.000, 0.000, 0.129, 0.108, 3.165, 23.998, 0.012
0.038, 0.000, 0.000, 0.000, 0.000, 0.075, 0.110, 3.199, 24.306, 0.012
0.040, 0.000, 0.000, 0.000, 0.000, 0.096, 0.109, 3.191, 24.659, 0.025
0.040, 0.000, 0.000, 0.000, 0.000, 0.076, 0.111, 3.242, 24.879, 0.011
0.042, 0.000, 0.000, 0.000, 0.000, 0.076, 0.107, 3.233, 23.870, 0.011
0.041, 0.000, 0.000, 0.000, 0.000, 0.089, 0.110, 3.244, 23.689, 0.012
0.041, 0.000, 0.000, 0.000, 0.000, 0.090, 0.108, 3.224, 23.715, 0.011
Running benchmark for /home/pei/Project/benchmarks/dsb-postgres/code/tools/1_instance_out_aqp/1/query038/query038_0.sql...
0.005, 0.000, 0.000, 0.000, 0.000, 0.113, 0.096, 2.132, 7874.756, 0.012
0.004, 0.000, 0.000, 0.000, 0.000, 0.134, 0.095, 2.228, 171.539, 0.027
0.005, 0.000, 0.000, 0.000, 0.000, 0.102, 0.094, 2.052, 130.470, 0.011
0.005, 0.000, 0.000, 0.000, 0.000, 0.092, 0.093, 2.052, 128.987, 0.011
0.005, 0.000, 0.000, 0.000, 0.000, 0.101, 0.092, 1.954, 122.625, 0.011
0.005, 0.000, 0.000, 0.000, 0.000, 0.091, 0.096, 2.033, 127.614, 0.012
0.005, 0.000, 0.000, 0.000, 0.000, 0.101, 0.094, 2.045, 131.761, 0.027
0.006, 0.000, 0.000, 0.000, 0.000, 0.099, 0.093, 2.040, 118.791, 0.012
0.005, 0.000, 0.000, 0.000, 0.000, 0.098, 0.096, 1.996, 127.031, 0.011
0.005, 0.000, 0.000, 0.000, 0.000, 0.104, 0.092, 2.041, 128.707, 0.011
0.005, 0.000, 0.000, 0.000, 0.000, 0.116, 0.093, 2.014, 124.814, 0.011
0.005, 0.000, 0.000, 0.000, 0.000, 0.091, 0.096, 2.041, 244.064, 0.011
0.005, 0.000, 0.000, 0.000, 0.000, 0.115, 0.094, 1.968, 126.101, 0.012
0.005, 0.000, 0.000, 0.000, 0.000, 0.090, 0.092, 2.036, 125.909, 0.011
0.005, 0.000, 0.000, 0.000, 0.000, 0.090, 0.096, 2.041, 122.923, 0.011
Running benchmark for /home/pei/Project/benchmarks/dsb-postgres/code/tools/1_instance_out_aqp/1/query040/query040_0.sql...
0.005, 0.000, 0.000, 0.000, 0.000, 0.084, 2.717, 832.408, 0.010
0.006, 0.000, 0.000, 0.000, 0.000, 0.100, 2.810, 3.892, 0.009
0.006, 0.000, 0.000, 0.000, 0.000, 0.097, 2.744, 4.088, 0.009
0.005, 0.000, 0.000, 0.000, 0.000, 0.085, 2.796, 3.195, 0.008
0.021, 0.000, 0.000, 0.000, 0.000, 0.123, 2.773, 4.472, 0.024
0.006, 0.000, 0.000, 0.000, 0.000, 0.083, 2.823, 4.207, 0.009
0.005, 0.000, 0.000, 0.000, 0.000, 0.081, 2.772, 3.795, 0.024
0.005, 0.000, 0.000, 0.000, 0.000, 0.082, 2.754, 3.341, 0.008
0.005, 0.000, 0.000, 0.000, 0.000, 0.095, 2.760, 3.497, 0.009
0.005, 0.000, 0.000, 0.000, 0.000, 0.099, 2.826, 3.845, 0.009
0.006, 0.000, 0.000, 0.000, 0.000, 0.101, 2.764, 3.368, 0.008
0.021, 0.000, 0.000, 0.000, 0.000, 0.084, 2.735, 3.581, 0.023
0.006, 0.000, 0.000, 0.000, 0.000, 0.101, 2.763, 3.455, 0.009
0.006, 0.000, 0.000, 0.000, 0.000, 0.082, 2.778, 3.242, 0.008
0.005, 0.000, 0.000, 0.000, 0.000, 0.082, 2.790, 4.391, 0.009
Running benchmark for /home/pei/Project/benchmarks/dsb-postgres/code/tools/1_instance_out_aqp/1/query040_spj/query040_spj_0.sql...
0.041, 0.000, 0.000, 0.000, 0.000, 0.068, 1.339, 4.114, 0.009
0.016, 0.000, 0.000, 0.000, 0.000, 0.051, 1.251, 4.049, 0.026
0.016, 0.000, 0.000, 0.000, 0.000, 0.063, 1.283, 4.031, 0.023
0.016, 0.000, 0.000, 0.000, 0.000, 0.055, 1.248, 6.229, 0.010
0.017, 0.000, 0.000, 0.000, 0.000, 0.050, 1.252, 4.658, 0.011
0.017, 0.000, 0.000, 0.000, 0.000, 0.051, 1.259, 3.861, 0.010
0.017, 0.000, 0.000, 0.000, 0.000, 0.055, 1.275, 3.992, 0.010
0.018, 0.000, 0.000, 0.000, 0.000, 0.061, 1.283, 4.425, 0.011
0.016, 0.000, 0.000, 0.000, 0.000, 0.063, 1.231, 3.691, 0.011
0.034, 0.000, 0.000, 0.000, 0.000, 0.050, 1.230, 3.838, 0.011
0.015, 0.000, 0.000, 0.000, 0.000, 0.070, 1.218, 3.820, 0.011
0.014, 0.000, 0.000, 0.000, 0.000, 0.049, 1.303, 3.925, 0.010
0.017, 0.000, 0.000, 0.000, 0.000, 0.066, 1.222, 5.578, 0.010
0.016, 0.000, 0.000, 0.000, 0.000, 0.050, 1.224, 3.927, 0.011
0.017, 0.000, 0.000, 0.000, 0.000, 0.062, 1.305, 3.887, 0.010
Running benchmark for /home/pei/Project/benchmarks/dsb-postgres/code/tools/1_instance_out_aqp/1/query050/query050_0.sql...
28.080, 0.000, 0.000, 0.000, 0.000, 0.000, 0.002, 434.206, 0.062, 0.330, 0.137, 4.642, 2153.830, 0.179
11.118, 0.000, 0.000, 0.000, 0.000, 0.000, 0.004, 9.032, 0.045, 0.239, 0.087, 3.080, 99.258, 0.090
11.218, 0.000, 0.000, 0.000, 0.000, 0.000, 0.004, 7.043, 0.046, 0.231, 0.116, 3.015, 97.493, 0.142
8.772, 0.000, 0.000, 0.000, 0.000, 0.000, 0.003, 7.124, 0.042, 0.262, 0.090, 3.028, 97.446, 0.160
10.541, 0.000, 0.000, 0.000, 0.000, 0.000, 0.004, 6.490, 0.043, 0.230, 0.088, 3.034, 100.536, 0.091
11.228, 0.000, 0.000, 0.000, 0.000, 0.000, 0.016, 8.009, 0.045, 0.235, 0.091, 3.132, 99.755, 0.090
11.203, 0.000, 0.000, 0.000, 0.000, 0.000, 0.003, 7.592, 0.045, 0.245, 0.094, 3.046, 104.777, 0.092
10.449, 0.000, 0.000, 0.000, 0.000, 0.000, 0.016, 6.509, 0.042, 0.228, 0.087, 3.051, 102.592, 0.121
11.158, 0.000, 0.000, 0.000, 0.000, 0.000, 0.003, 6.637, 0.044, 0.232, 0.091, 3.106, 103.664, 0.093
11.283, 0.000, 0.000, 0.000, 0.000, 0.000, 0.004, 8.826, 0.044, 0.263, 0.090, 3.095, 99.918, 0.155
11.212, 0.000, 0.000, 0.000, 0.000, 0.000, 0.003, 6.899, 0.045, 0.234, 0.089, 3.119, 97.611, 0.178
10.909, 0.000, 0.000, 0.000, 0.000, 0.000, 0.016, 6.299, 0.047, 0.260, 0.117, 3.046, 98.918, 0.091
9.453, 0.000, 0.000, 0.000, 0.000, 0.000, 0.004, 7.876, 0.047, 0.244, 0.090, 3.085, 102.231, 0.146
11.137, 0.000, 0.000, 0.000, 0.000, 0.000, 0.004, 8.259, 0.047, 0.243, 0.089, 3.078, 98.557, 0.090
11.188, 0.000, 0.000, 0.000, 0.000, 0.000, 0.003, 7.601, 0.047, 0.241, 0.130, 3.008, 107.444, 0.090
Running benchmark for /home/pei/Project/benchmarks/dsb-postgres/code/tools/1_instance_out_aqp/1/query050_spj/query050_spj_0.sql...
0.172, 0.000, 0.000, 0.000, 0.000, 0.090, 1.826, 2908.391, 0.045, 0.136, 0.058, 484.773, 1171.507, 0.027
0.106, 0.000, 0.000, 0.000, 0.000, 0.058, 1.147, 153.700, 0.047, 0.127, 0.046, 508.036, 1183.757, 0.044
0.093, 0.000, 0.000, 0.000, 0.000, 0.070, 1.057, 126.945, 0.048, 0.126, 0.045, 303.531, 1129.942, 0.012
0.101, 0.000, 0.000, 0.000, 0.000, 0.058, 1.056, 121.074, 0.046, 0.135, 0.050, 326.131, 1075.379, 0.018
0.104, 0.000, 0.000, 0.000, 0.000, 0.059, 1.068, 119.879, 0.047, 0.168, 0.044, 306.458, 1074.748, 0.028
0.095, 0.000, 0.000, 0.000, 0.000, 0.058, 1.090, 123.409, 0.048, 0.143, 0.058, 328.237, 1075.532, 0.034
0.097, 0.000, 0.000, 0.000, 0.000, 0.057, 1.056, 124.933, 0.049, 0.125, 0.045, 303.015, 1074.531, 0.027
0.102, 0.000, 0.000, 0.000, 0.000, 0.070, 1.103, 122.106, 0.047, 0.128, 0.045, 250.481, 1076.460, 0.043
0.103, 0.000, 0.000, 0.000, 0.000, 0.058, 1.070, 122.638, 0.047, 0.126, 0.045, 314.135, 1075.299, 0.028
0.103, 0.000, 0.000, 0.000, 0.000, 0.070, 1.118, 125.409, 0.047, 0.129, 0.045, 308.392, 1031.145, 0.012
0.102, 0.000, 0.000, 0.000, 0.000, 0.076, 1.866, 125.593, 0.048, 0.135, 0.044, 250.216, 1076.642, 0.018
0.094, 0.000, 0.000, 0.000, 0.000, 0.059, 1.086, 124.912, 0.048, 0.184, 0.096, 287.556, 1031.836, 0.024
0.099, 0.000, 0.000, 0.000, 0.000, 0.075, 1.850, 123.044, 0.048, 0.132, 0.044, 250.251, 1031.295, 0.028
0.116, 0.000, 0.000, 0.000, 0.000, 0.059, 1.069, 121.352, 0.047, 0.201, 0.043, 253.557, 1078.406, 0.028
0.119, 0.000, 0.000, 0.000, 0.000, 0.058, 1.125, 126.018, 0.046, 0.142, 0.057, 247.106, 1076.024, 0.027
Running benchmark for /home/pei/Project/benchmarks/dsb-postgres/code/tools/1_instance_out_aqp/1/query072/query072_0.sql...
0.392, 0.000, 0.000, 0.000, 0.000, 0.053, 0.646, 142.302, 0.043, 0.037, 1.436, 0.094, 8.582, 541.516, 0.010
1.208, 0.000, 0.000, 0.000, 0.000, 0.052, 0.688, 132.195, 0.042, 0.031, 1.374, 0.103, 8.549, 25.154, 0.010
1.252, 0.000, 0.000, 0.000, 0.000, 0.053, 0.685, 135.047, 0.044, 0.032, 1.380, 0.089, 8.524, 8.758, 0.025
1.119, 0.000, 0.000, 0.000, 0.000, 0.090, 0.831, 127.926, 0.045, 0.033, 1.453, 0.079, 8.702, 18.188, 0.009
1.226, 0.000, 0.000, 0.000, 0.000, 0.057, 0.862, 127.449, 0.046, 0.032, 1.435, 0.104, 8.630, 9.088, 0.025
1.175, 0.000, 0.000, 0.000, 0.000, 0.051, 0.648, 125.569, 0.045, 0.031, 1.475, 0.079, 8.553, 23.751, 0.025
1.136, 0.000, 0.000, 0.000, 0.000, 0.052, 0.649, 129.222, 0.045, 0.032, 1.385, 0.093, 8.532, 9.338, 0.025
1.090, 0.000, 0.000, 0.000, 0.000, 0.051, 0.656, 125.252, 0.043, 0.032, 1.749, 0.092, 8.668, 10.194, 0.010
0.498, 0.000, 0.000, 0.000, 0.000, 0.058, 0.815, 124.022, 0.045, 0.032, 1.386, 0.104, 8.574, 19.649, 0.024
0.910, 0.000, 0.000, 0.000, 0.000, 0.053, 0.665, 130.412, 0.042, 0.033, 1.670, 0.094, 8.616, 9.572, 0.024
0.708, 0.000, 0.000, 0.000, 0.000, 0.040, 0.659, 126.467, 0.046, 0.032, 1.392, 0.079, 8.692, 8.712, 0.010
1.007, 0.000, 0.000, 0.000, 0.000, 0.051, 0.655, 126.109, 0.045, 0.031, 1.383, 0.078, 8.701, 8.593, 0.009
1.058, 0.000, 0.000, 0.000, 0.000, 0.051, 0.689, 121.179, 0.040, 0.032, 2.256, 0.104, 10.017, 10.571, 0.009
0.917, 0.000, 0.000, 0.000, 0.000, 0.060, 0.845, 121.878, 0.047, 0.033, 1.685, 0.077, 8.772, 8.935, 0.010
1.115, 0.000, 0.000, 0.000, 0.000, 0.051, 0.684, 124.892, 0.045, 0.030, 1.370, 0.077, 8.752, 8.722, 0.010
Running benchmark for /home/pei/Project/benchmarks/dsb-postgres/code/tools/1_instance_out_aqp/1/query072_spj/query072_spj_0.sql...
0.053, 0.000, 0.000, 0.000, 0.000, 0.038, 0.604, 135.430, 0.046, 0.028, 1.336, 0.068, 4.445, 5.019, 0.012
0.050, 0.000, 0.000, 0.000, 0.000, 0.038, 0.534, 149.699, 0.045, 0.035, 1.404, 0.069, 4.517, 7.290, 0.011
0.058, 0.000, 0.000, 0.000, 0.000, 0.048, 0.516, 133.713, 0.044, 0.032, 1.369, 0.073, 4.489, 20.159, 0.011
0.054, 0.000, 0.000, 0.000, 0.000, 0.046, 0.712, 150.504, 0.048, 0.033, 1.369, 0.081, 4.532, 7.269, 0.027
0.052, 0.000, 0.000, 0.000, 0.000, 0.058, 0.521, 130.824, 0.047, 0.032, 1.403, 0.080, 4.512, 28.049, 0.026
0.096, 0.000, 0.000, 0.000, 0.000, 0.049, 0.531, 135.810, 0.045, 0.032, 1.430, 0.070, 4.554, 6.720, 0.026
0.050, 0.000, 0.000, 0.000, 0.000, 0.052, 0.514, 127.426, 0.046, 0.033, 1.355, 0.070, 4.505, 5.810, 0.012
0.085, 0.000, 0.000, 0.000, 0.000, 0.055, 0.537, 129.265, 0.042, 0.031, 1.358, 0.070, 4.488, 7.836, 0.012
0.068, 0.000, 0.000, 0.000, 0.000, 0.050, 0.527, 153.214, 0.044, 0.033, 1.410, 0.070, 4.530, 8.583, 0.011
0.050, 0.000, 0.000, 0.000, 0.000, 0.057, 0.524, 140.179, 0.046, 0.032, 1.362, 0.070, 4.492, 7.170, 0.011
0.050, 0.000, 0.000, 0.000, 0.000, 0.049, 0.518, 127.235, 0.046, 0.031, 1.343, 0.070, 4.500, 8.099, 0.012
0.047, 0.000, 0.000, 0.000, 0.000, 0.049, 0.530, 138.565, 0.046, 0.031, 1.360, 0.081, 4.533, 6.863, 0.025
0.051, 0.000, 0.000, 0.000, 0.000, 0.038, 0.580, 147.697, 0.047, 0.033, 1.360, 0.069, 4.511, 8.214, 0.011
0.056, 0.000, 0.000, 0.000, 0.000, 0.049, 0.545, 134.616, 0.045, 0.032, 1.346, 0.067, 4.488, 6.440, 0.010
0.050, 0.000, 0.000, 0.000, 0.000, 0.049, 0.515, 129.223, 0.045, 0.031, 1.357, 0.081, 4.459, 8.904, 0.026
Running benchmark for /home/pei/Project/benchmarks/dsb-postgres/code/tools/1_instance_out_aqp/1/query084/query084_0.sql...
0.044, 0.000, 0.000, 0.000, 0.000, 0.000, 50.160, 1.714, 0.020, 0.012, 0.339, 0.025, 0.804, 0.551, 0.015, 0.006, 0.209, 0.038, 0.624, 2.041, 0.023, 0.011, 0.207, 0.036, 0.618, 0.381, 0.017, 0.102, 0.029, 51.345, 1233.401, 0.139
0.052, 0.000, 0.000, 0.000, 0.000, 0.000, 0.005, 1.185, 0.019, 0.017, 0.307, 0.024, 0.856, 0.202, 0.014, 0.008, 0.206, 0.024, 0.625, 1.947, 0.021, 0.014, 0.219, 0.024, 0.632, 0.361, 0.026, 0.062, 0.032, 0.900, 31.391, 0.146
0.056, 0.000, 0.000, 0.000, 0.000, 0.000, 0.006, 1.031, 0.031, 0.017, 0.320, 0.025, 0.854, 0.213, 0.012, 0.007, 0.189, 0.025, 0.643, 1.872, 0.016, 0.013, 0.187, 0.024, 0.614, 0.205, 0.026, 0.065, 0.033, 0.948, 31.656, 0.139
0.053, 0.000, 0.000, 0.000, 0.000, 0.000, 0.006, 1.072, 0.019, 0.021, 0.435, 0.034, 1.184, 0.198, 0.044, 0.009, 0.269, 0.035, 1.028, 2.049, 0.023, 0.017, 0.254, 0.033, 0.922, 0.227, 0.044, 0.095, 0.025, 1.287, 32.507, 0.260
0.050, 0.000, 0.000, 0.000, 0.000, 0.000, 0.005, 1.065, 0.029, 0.018, 0.319, 0.025, 0.858, 0.147, 0.014, 0.015, 0.235, 0.038, 0.618, 1.897, 0.033, 0.013, 0.209, 0.037, 0.619, 0.161, 0.013, 0.097, 0.019, 0.918, 31.670, 0.140
0.091, 0.000, 0.000, 0.000, 0.000, 0.000, 0.005, 1.011, 0.030, 0.020, 0.449, 0.030, 1.094, 0.214, 0.033, 0.009, 0.301, 0.045, 0.882, 1.813, 0.033, 0.015, 0.219, 0.036, 0.638, 0.198, 0.028, 0.100, 0.037, 1.085, 32.375, 0.161
0.052, 0.000, 0.000, 0.000, 0.000, 0.000, 0.005, 1.001, 0.031, 0.017, 0.351, 0.037, 0.841, 0.200, 0.029, 0.008, 0.190, 0.053, 0.630, 1.841, 0.023, 0.022, 0.268, 0.026, 0.632, 0.196, 0.025, 0.103, 0.030, 0.901, 32.719, 0.190
0.048, 0.000, 0.000, 0.000, 0.000, 0.000, 0.005, 0.996, 0.028, 0.017, 0.318, 0.025, 0.845, 0.204, 0.025, 0.008, 0.189, 0.038, 0.673, 1.861, 0.017, 0.014, 0.203, 0.036, 0.610, 0.193, 0.013, 0.063, 0.019, 0.955, 32.341, 0.211
0.049, 0.000, 0.000, 0.000, 0.000, 0.000, 0.005, 1.000, 0.028, 0.017, 0.317, 0.024, 0.855, 0.192, 0.025, 0.008, 0.220, 0.025, 0.617, 1.822, 0.030, 0.013, 0.207, 0.036, 0.615, 0.199, 0.012, 0.063, 0.019, 0.903, 31.971, 0.171
0.082, 0.000, 0.000, 0.000, 0.000, 0.000, 0.005, 0.967, 0.028, 0.016, 0.321, 0.024, 0.853, 0.203, 0.026, 0.008, 0.207, 0.026, 0.674, 1.849, 0.035, 0.015, 0.230, 0.023, 0.656, 0.167, 0.013, 0.068, 0.047, 1.004, 32.802, 0.195
0.078, 0.000, 0.000, 0.000, 0.000, 0.000, 0.005, 1.027, 0.015, 0.017, 0.321, 0.025, 0.866, 0.214, 0.014, 0.009, 0.223, 0.025, 0.626, 1.893, 0.033, 0.014, 0.212, 0.037, 0.622, 0.194, 0.026, 0.065, 0.019, 0.910, 31.873, 0.178
0.051, 0.000, 0.000, 0.000, 0.000, 0.000, 0.025, 1.004, 0.032, 0.017, 0.324, 0.025, 0.850, 0.186, 0.013, 0.008, 0.193, 0.025, 0.616, 1.837, 0.019, 0.013, 0.209, 0.023, 0.648, 0.158, 0.026, 0.066, 0.024, 1.292, 33.002, 0.232
0.048, 0.000, 0.000, 0.000, 0.000, 0.000, 0.006, 0.985, 0.014, 0.017, 0.317, 0.024, 0.844, 0.477, 0.020, 0.009, 0.210, 0.038, 0.681, 1.821, 0.035, 0.014, 0.220, 0.024, 0.677, 0.179, 0.039, 0.083, 0.024, 1.176, 32.649, 0.197
0.049, 0.000, 0.000, 0.000, 0.000, 0.000, 0.005, 1.033, 0.015, 0.017, 0.313, 0.024, 0.853, 0.270, 0.022, 0.008, 0.197, 0.025, 0.668, 1.852, 0.019, 0.014, 0.195, 0.023, 0.620, 0.305, 0.041, 0.064, 0.019, 0.975, 32.352, 0.145
0.050, 0.000, 0.000, 0.000, 0.000, 0.000, 0.005, 1.044, 0.028, 0.017, 0.316, 0.025, 0.895, 0.203, 0.026, 0.008, 0.192, 0.025, 0.616, 1.835, 0.017, 0.013, 0.185, 0.023, 0.648, 0.231, 0.027, 0.065, 0.018, 0.883, 33.409, 0.251
Running benchmark for /home/pei/Project/benchmarks/dsb-postgres/code/tools/1_instance_out_aqp/1/query084_spj/query084_spj_0.sql...
1.322, 0.000, 0.000, 0.000, 0.000, 0.000, 0.004, 24.790, 0.046, 0.019, 0.360, 0.026, 0.928, 0.625, 0.017, 0.008, 0.264, 0.025, 0.638, 1.934, 0.023, 0.011, 0.289, 0.022, 0.594, 0.307, 0.015, 0.063, 0.028, 1001.445, 866.463, 0.048
0.122, 0.000, 0.000, 0.000, 0.000, 0.000, 0.006, 0.928, 0.014, 0.020, 0.360, 0.026, 0.856, 0.140, 0.013, 0.010, 0.237, 0.024, 0.534, 1.644, 0.017, 0.010, 0.172, 0.022, 0.513, 0.152, 0.013, 0.053, 0.018, 8.579, 18.214, 0.011
0.124, 0.000, 0.000, 0.000, 0.000, 0.000, 0.005, 0.962, 0.026, 0.019, 0.353, 0.024, 0.829, 0.248, 0.012, 0.008, 0.194, 0.023, 0.552, 1.683, 0.032, 0.011, 0.176, 0.035, 0.503, 0.226, 0.013, 0.053, 0.047, 8.291, 18.105, 0.014
0.190, 0.000, 0.000, 0.000, 0.000, 0.000, 0.005, 1.032, 0.019, 0.024, 0.546, 0.034, 1.234, 0.212, 0.028, 0.010, 0.277, 0.032, 0.814, 1.737, 0.023, 0.011, 0.175, 0.032, 0.531, 0.185, 0.035, 0.072, 0.026, 12.835, 18.991, 0.011
0.125, 0.000, 0.000, 0.000, 0.000, 0.000, 0.018, 0.947, 0.026, 0.020, 0.357, 0.024, 0.909, 0.166, 0.014, 0.010, 0.227, 0.055, 0.528, 1.715, 0.032, 0.011, 0.177, 0.035, 0.505, 0.210, 0.025, 0.067, 0.019, 8.418, 17.964, 0.011
0.138, 0.000, 0.000, 0.000, 0.000, 0.000, 0.005, 0.921, 0.014, 0.020, 0.354, 0.024, 0.844, 0.196, 0.013, 0.008, 0.195, 0.039, 0.531, 1.857, 0.019, 0.011, 0.179, 0.050, 0.515, 0.199, 0.030, 0.091, 0.029, 8.332, 17.946, 0.011
0.125, 0.000, 0.000, 0.000, 0.000, 0.000, 0.007, 0.940, 0.018, 0.020, 0.369, 0.025, 0.859, 0.190, 0.013, 0.008, 0.200, 0.032, 0.534, 1.701, 0.021, 0.012, 0.188, 0.023, 0.529, 0.178, 0.026, 0.056, 0.020, 8.407, 17.956, 0.011
0.123, 0.000, 0.000, 0.000, 0.000, 0.000, 0.005, 0.888, 0.013, 0.020, 0.358, 0.025, 0.854, 0.151, 0.026, 0.023, 0.258, 0.023, 0.567, 1.650, 0.030, 0.011, 0.171, 0.053, 0.497, 0.186, 0.025, 0.053, 0.018, 8.346, 17.976, 0.011
0.182, 0.000, 0.000, 0.000, 0.000, 0.000, 0.004, 0.956, 0.014, 0.020, 0.357, 0.024, 0.842, 0.228, 0.012, 0.008, 0.197, 0.038, 0.523, 1.676, 0.016, 0.010, 0.176, 0.036, 0.506, 0.218, 0.013, 0.053, 0.019, 8.331, 18.174, 0.012
0.129, 0.000, 0.000, 0.000, 0.000, 0.000, 0.007, 0.940, 0.027, 0.020, 0.361, 0.024, 0.889, 0.152, 0.013, 0.009, 0.201, 0.023, 0.525, 1.642, 0.034, 0.012, 0.197, 0.029, 0.724, 0.155, 0.025, 0.053, 0.019, 8.299, 18.046, 0.012
0.192, 0.000, 0.000, 0.000, 0.000, 0.000, 0.005, 0.977, 0.015, 0.020, 0.364, 0.026, 0.854, 0.216, 0.026, 0.008, 0.199, 0.054, 0.521, 1.701, 0.035, 0.011, 0.203, 0.022, 0.569, 0.165, 0.026, 0.070, 0.018, 8.371, 18.055, 0.011
0.149, 0.000, 0.000, 0.000, 0.000, 0.000, 0.006, 1.000, 0.013, 0.020, 0.358, 0.024, 0.838, 0.148, 0.013, 0.009, 0.244, 0.023, 0.523, 1.676, 0.030, 0.012, 0.183, 0.021, 0.504, 0.184, 0.026, 0.056, 0.024, 8.506, 18.118, 0.011
0.135, 0.000, 0.000, 0.000, 0.000, 0.000, 0.010, 0.958, 0.015, 0.022, 0.524, 0.031, 1.185, 0.230, 0.012, 0.008, 0.204, 0.024, 0.533, 1.693, 0.016, 0.015, 0.251, 0.027, 0.579, 0.205, 0.041, 0.057, 0.039, 8.469, 17.991, 0.011
0.125, 0.000, 0.000, 0.000, 0.000, 0.000, 0.004, 0.933, 0.040, 0.018, 0.357, 0.024, 0.847, 0.135, 0.014, 0.010, 0.240, 0.052, 0.538, 1.653, 0.030, 0.011, 0.173, 0.035, 0.503, 0.121, 0.039, 0.052, 0.019, 8.292, 18.277, 0.012
0.168, 0.000, 0.000, 0.000, 0.000, 0.000, 0.005, 0.934, 0.012, 0.020, 0.365, 0.025, 0.860, 0.203, 0.025, 0.008, 0.195, 0.023, 0.522, 1.668, 0.031, 0.011, 0.177, 0.022, 0.502, 0.220, 0.026, 0.054, 0.018, 8.339, 18.364, 0.026
Running benchmark for /home/pei/Project/benchmarks/dsb-postgres/code/tools/1_instance_out_aqp/1/query085/query085_0.sql...
0.484, 0.000, 0.000, 0.000, 0.000, 0.000, 90.936, 263.546, 0.051, 0.360, 0.111, 5.127, 4429.934, 0.013
0.176, 0.000, 0.000, 0.000, 0.000, 0.000, 0.005, 79.590, 0.054, 0.327, 0.083, 5.297, 95.384, 0.023
0.477, 0.000, 0.000, 0.000, 0.000, 0.000, 0.004, 76.134, 0.053, 0.331, 0.082, 5.278, 94.576, 0.025
0.128, 0.000, 0.000, 0.000, 0.000, 0.000, 0.004, 51.784, 0.099, 0.332, 0.084, 5.317, 96.959, 0.011
0.503, 0.000, 0.000, 0.000, 0.000, 0.000, 0.016, 72.864, 0.051, 0.383, 0.082, 5.186, 94.580, 0.025
0.645, 0.000, 0.000, 0.000, 0.000, 0.000, 0.004, 61.560, 0.051, 0.332, 0.082, 5.320, 96.756, 0.010
0.437, 0.000, 0.000, 0.000, 0.000, 0.000, 0.004, 48.876, 0.049, 0.327, 0.082, 5.274, 90.331, 0.010
0.321, 0.000, 0.000, 0.000, 0.000, 0.000, 0.004, 45.084, 0.061, 0.329, 0.082, 5.237, 90.862, 0.011
0.249, 0.000, 0.000, 0.000, 0.000, 0.000, 0.004, 43.006, 0.046, 0.326, 0.080, 5.273, 93.561, 0.025
0.542, 0.000, 0.000, 0.000, 0.000, 0.000, 0.004, 51.684, 0.051, 0.326, 0.088, 5.163, 87.329, 0.009
0.418, 0.000, 0.000, 0.000, 0.000, 0.000, 0.004, 41.511, 0.054, 0.341, 0.084, 5.356, 90.964, 0.012
0.433, 0.000, 0.000, 0.000, 0.000, 0.000, 0.004, 41.719, 0.052, 0.371, 0.080, 5.312, 92.758, 0.011
0.141, 0.000, 0.000, 0.000, 0.000, 0.000, 0.004, 47.667, 0.053, 0.376, 0.085, 5.218, 90.812, 0.011
0.518, 0.000, 0.000, 0.000, 0.000, 0.000, 0.004, 41.141, 0.051, 0.328, 0.084, 5.278, 93.787, 0.025
0.424, 0.000, 0.000, 0.000, 0.000, 0.000, 0.003, 50.120, 0.055, 0.341, 0.084, 5.318, 90.752, 0.010
Running benchmark for /home/pei/Project/benchmarks/dsb-postgres/code/tools/1_instance_out_aqp/1/query085_spj/query085_spj_0.sql...
0.800, 0.000, 0.000, 0.000, 0.000, 0.000, 0.007, 141.312, 0.052, 0.277, 0.070, 2.826, 87.490, 0.027
0.273, 0.000, 0.000, 0.000, 0.000, 0.000, 0.016, 41.156, 0.105, 0.342, 0.078, 2.900, 86.355, 0.012
0.234, 0.000, 0.000, 0.000, 0.000, 0.000, 0.004, 41.113, 0.052, 0.353, 0.092, 2.858, 89.893, 0.011
0.217, 0.000, 0.000, 0.000, 0.000, 0.000, 0.004, 40.896, 0.054, 0.308, 0.081, 2.873, 93.572, 0.027
0.237, 0.000, 0.000, 0.000, 0.000, 0.000, 0.004, 46.651, 0.050, 0.334, 0.142, 2.801, 90.074, 0.011
6.899, 0.000, 0.000, 0.000, 0.000, 0.000, 0.004, 41.086, 0.076, 0.326, 0.108, 2.883, 91.224, 0.025
0.200, 0.000, 0.000, 0.000, 0.000, 0.000, 0.004, 40.697, 0.047, 0.303, 0.075, 2.830, 92.915, 0.026
0.198, 0.000, 0.000, 0.000, 0.000, 0.000, 0.004, 40.914, 0.050, 0.306, 0.079, 2.868, 89.136, 0.027
0.258, 0.000, 0.000, 0.000, 0.000, 0.000, 0.004, 40.569, 0.052, 0.336, 0.107, 2.855, 90.265, 0.011
0.197, 0.000, 0.000, 0.000, 0.000, 0.000, 0.017, 40.518, 0.051, 0.303, 0.081, 2.827, 82.669, 0.011
0.237, 0.000, 0.000, 0.000, 0.000, 0.000, 0.004, 40.858, 0.052, 0.340, 0.095, 2.864, 88.495, 0.011
0.224, 0.000, 0.000, 0.000, 0.000, 0.000, 0.004, 41.281, 0.051, 0.349, 0.081, 2.910, 88.723, 0.015
0.223, 0.000, 0.000, 0.000, 0.000, 0.000, 0.017, 40.909, 0.053, 0.310, 0.080, 2.882, 90.781, 0.027
0.238, 0.000, 0.000, 0.000, 0.000, 0.000, 0.004, 40.636, 0.052, 0.334, 0.081, 2.865, 85.814, 0.011
0.215, 0.000, 0.000, 0.000, 0.000, 0.000, 0.004, 40.888, 0.052, 0.310, 0.080, 2.961, 84.586, 0.012
Running benchmark for /home/pei/Project/benchmarks/dsb-postgres/code/tools/1_instance_out_aqp/1/query087/query087_0.sql...
0.549, 0.000, 0.000, 0.000, 0.000, 0.093, 0.109, 1.906, 7770.609, 0.010
0.202, 0.000, 0.000, 0.000, 0.000, 0.130, 0.095, 1.820, 73.390, 0.011
0.195, 0.000, 0.000, 0.000, 0.000, 0.106, 0.094, 1.916, 73.204, 0.026
0.292, 0.000, 0.000, 0.000, 0.000, 0.093, 0.093, 1.852, 72.668, 0.011
0.201, 0.000, 0.000, 0.000, 0.000, 0.094, 0.093, 1.845, 73.062, 0.011
0.241, 0.000, 0.000, 0.000, 0.000, 0.093, 0.092, 1.916, 71.402, 0.011
0.256, 0.000, 0.000, 0.000, 0.000, 0.092, 0.094, 1.858, 73.044, 0.025
0.260, 0.000, 0.000, 0.000, 0.000, 0.080, 0.095, 1.875, 68.597, 0.024
0.202, 0.000, 0.000, 0.000, 0.000, 0.092, 0.094, 1.840, 70.459, 0.011
0.203, 0.000, 0.000, 0.000, 0.000, 0.093, 0.093, 1.826, 78.743, 0.011
0.200, 0.000, 0.000, 0.000, 0.000, 0.096, 0.096, 1.887, 78.341, 0.011
0.221, 0.000, 0.000, 0.000, 0.000, 0.082, 0.096, 1.884, 76.374, 0.026
0.241, 0.000, 0.000, 0.000, 0.000, 0.093, 0.092, 1.875, 70.820, 0.025
0.199, 0.000, 0.000, 0.000, 0.000, 0.079, 0.093, 1.828, 71.038, 0.011
0.209, 0.000, 0.000, 0.000, 0.000, 0.106, 0.095, 1.905, 76.507, 0.011
Running benchmark for /home/pei/Project/benchmarks/dsb-postgres/code/tools/1_instance_out_aqp/1/query091/query091_0.sql...
0.005, 0.000, 0.000, 0.000, 0.000, 0.000, 1.009, 5.071, 0.042, 0.022, 0.552, 0.027, 10.083, 13.118, 0.047, 0.024, 0.494, 0.028, 0.703, 0.456, 0.028, 0.010, 0.322, 0.051, 18.409, 15.987, 0.010
0.005, 0.000, 0.000, 0.000, 0.000, 0.000, 0.004, 2.232, 0.022, 0.019, 0.456, 0.026, 0.887, 2.050, 0.033, 0.028, 0.489, 0.026, 0.729, 0.368, 0.029, 0.012, 0.257, 0.047, 1.796, 6.482, 0.009
0.005, 0.000, 0.000, 0.000, 0.000, 0.000, 0.017, 4.492, 0.030, 0.024, 0.484, 0.026, 0.903, 2.207, 0.034, 0.026, 0.479, 0.026, 0.779, 0.387, 0.026, 0.012, 0.297, 0.051, 1.903, 6.162, 0.025
0.006, 0.000, 0.000, 0.000, 0.000, 0.000, 0.017, 1.869, 0.020, 0.019, 0.456, 0.027, 0.905, 1.947, 0.033, 0.027, 0.451, 0.026, 0.728, 0.370, 0.013, 0.012, 0.256, 0.089, 1.814, 5.564, 0.009
0.005, 0.000, 0.000, 0.000, 0.000, 0.000, 0.004, 2.027, 0.024, 0.022, 0.460, 0.027, 0.948, 2.067, 0.033, 0.027, 0.450, 0.026, 0.775, 0.368, 0.025, 0.012, 0.259, 0.037, 1.809, 5.877, 0.009
0.022, 0.000, 0.000, 0.000, 0.000, 0.000, 0.004, 1.726, 0.022, 0.020, 0.457, 0.026, 0.966, 1.713, 0.034, 0.027, 0.462, 0.026, 0.743, 0.493, 0.031, 0.012, 0.274, 0.038, 1.857, 5.565, 0.009
0.005, 0.000, 0.000, 0.000, 0.000, 0.000, 0.004, 2.988, 0.026, 0.021, 0.464, 0.026, 0.887, 2.224, 0.033, 0.026, 0.452, 0.026, 0.730, 0.401, 0.013, 0.012, 0.251, 0.036, 1.790, 5.776, 0.009
0.005, 0.000, 0.000, 0.000, 0.000, 0.000, 0.004, 2.447, 0.023, 0.020, 0.458, 0.027, 0.898, 2.353, 0.034, 0.027, 0.453, 0.026, 0.732, 0.350, 0.014, 0.012, 0.293, 0.036, 1.799, 5.752, 0.009
0.004, 0.000, 0.000, 0.000, 0.000, 0.000, 0.004, 2.600, 0.025, 0.020, 0.452, 0.027, 0.902, 2.149, 0.031, 0.025, 0.449, 0.027, 0.731, 0.370, 0.026, 0.011, 0.256, 0.037, 1.861, 5.357, 0.009
0.005, 0.000, 0.000, 0.000, 0.000, 0.000, 0.004, 4.580, 0.030, 0.020, 0.458, 0.026, 0.940, 2.077, 0.035, 0.027, 0.459, 0.026, 0.781, 0.398, 0.029, 0.012, 0.256, 0.037, 1.802, 5.898, 0.009
0.005, 0.000, 0.000, 0.000, 0.000, 0.000, 0.004, 3.941, 0.029, 0.022, 0.483, 0.027, 0.902, 2.179, 0.032, 0.026, 0.449, 0.026, 0.725, 0.391, 0.027, 0.012, 0.255, 0.036, 1.866, 6.360, 0.010
0.006, 0.000, 0.000, 0.000, 0.000, 0.000, 0.004, 2.345, 0.022, 0.020, 0.466, 0.026, 0.879, 2.244, 0.037, 0.028, 0.471, 0.026, 0.743, 0.436, 0.016, 0.011, 0.271, 0.037, 1.907, 6.297, 0.024
0.004, 0.000, 0.000, 0.000, 0.000, 0.000, 0.003, 2.371, 0.023, 0.019, 0.453, 0.029, 0.903, 1.623, 0.034, 0.027, 0.450, 0.025, 0.731, 0.343, 0.027, 0.012, 0.256, 0.037, 1.846, 5.975, 0.009
0.005, 0.000, 0.000, 0.000, 0.000, 0.000, 0.004, 2.281, 0.025, 0.020, 0.456, 0.026, 0.896, 2.542, 0.035, 0.028, 0.464, 0.026, 0.740, 0.409, 0.043, 0.012, 0.256, 0.037, 1.843, 6.575, 0.009
0.005, 0.000, 0.000, 0.000, 0.000, 0.000, 0.005, 4.020, 0.032, 0.023, 0.506, 0.027, 0.922, 1.832, 0.032, 0.025, 0.442, 0.026, 0.721, 0.412, 0.029, 0.012, 0.316, 0.055, 1.953, 5.389, 0.009
Running benchmark for /home/pei/Project/benchmarks/dsb-postgres/code/tools/1_instance_out_aqp/1/query091_spj/query091_spj_0.sql...
0.147, 0.000, 0.000, 0.000, 0.000, 0.000, 0.004, 3.129, 0.088, 0.016, 0.493, 0.029, 0.991, 22.730, 0.046, 0.024, 0.467, 0.029, 0.322, 0.463, 0.017, 0.010, 0.269, 0.049, 51.807, 0.970, 0.012
0.141, 0.000, 0.000, 0.000, 0.000, 0.000, 0.004, 2.581, 0.021, 0.020, 0.460, 0.028, 1.000, 3.001, 0.044, 0.033, 0.489, 0.026, 0.307, 0.363, 0.026, 0.011, 0.256, 0.044, 25.039, 0.358, 0.010
0.151, 0.000, 0.000, 0.000, 0.000, 0.000, 0.004, 2.322, 0.023, 0.020, 0.461, 0.028, 1.080, 2.510, 0.043, 0.032, 0.495, 0.040, 0.318, 0.375, 0.027, 0.011, 0.269, 0.033, 24.984, 0.361, 0.011
0.135, 0.000, 0.000, 0.000, 0.000, 0.000, 0.004, 1.660, 0.020, 0.021, 0.457, 0.028, 0.990, 2.214, 0.043, 0.033, 0.482, 0.027, 0.295, 0.366, 0.027, 0.012, 0.258, 0.034, 25.498, 0.351, 0.010
0.142, 0.000, 0.000, 0.000, 0.000, 0.000, 0.004, 1.723, 0.022, 0.020, 0.466, 0.028, 1.053, 2.492, 0.042, 0.034, 0.480, 0.026, 0.323, 0.355, 0.013, 0.012, 0.256, 0.034, 25.012, 0.366, 0.011
0.139, 0.000, 0.000, 0.000, 0.000, 0.000, 0.004, 2.236, 0.025, 0.021, 0.492, 0.029, 1.071, 2.537, 0.042, 0.034, 0.490, 0.027, 0.306, 0.332, 0.013, 0.012, 0.261, 0.034, 25.453, 1.062, 0.010
0.133, 0.000, 0.000, 0.000, 0.000, 0.000, 0.004, 1.569, 0.020, 0.026, 0.875, 0.037, 1.343, 2.546, 0.040, 0.032, 0.476, 0.026, 0.290, 0.384, 0.031, 0.012, 0.261, 0.034, 25.043, 0.350, 0.017
0.142, 0.000, 0.000, 0.000, 0.000, 0.000, 0.004, 1.878, 0.020, 0.019, 0.460, 0.028, 0.991, 2.520, 0.042, 0.033, 0.475, 0.026, 0.290, 0.325, 0.039, 0.011, 0.272, 0.033, 25.143, 0.382, 0.010
0.134, 0.000, 0.000, 0.000, 0.000, 0.000, 0.004, 1.833, 0.024, 0.020, 0.468, 0.028, 0.993, 2.925, 0.042, 0.037, 0.683, 0.032, 0.301, 0.359, 0.040, 0.015, 0.413, 0.051, 25.383, 0.450, 0.011
0.145, 0.000, 0.000, 0.000, 0.000, 0.000, 0.004, 1.595, 0.020, 0.025, 0.814, 0.036, 1.142, 2.600, 0.043, 0.033, 0.519, 0.056, 0.293, 0.445, 0.031, 0.012, 0.267, 0.051, 26.128, 0.346, 0.013
0.173, 0.000, 0.000, 0.000, 0.000, 0.000, 0.004, 3.095, 0.028, 0.022, 0.495, 0.029, 1.048, 2.506, 0.040, 0.033, 0.483, 0.028, 0.294, 0.366, 0.014, 0.016, 0.314, 0.033, 25.258, 0.358, 0.010
0.147, 0.000, 0.000, 0.000, 0.000, 0.000, 0.004, 1.684, 0.024, 0.020, 0.478, 0.027, 0.988, 2.243, 0.040, 0.032, 0.489, 0.038, 0.314, 0.358, 0.027, 0.012, 0.270, 0.033, 25.297, 0.369, 0.011
0.176, 0.000, 0.000, 0.000, 0.000, 0.000, 0.004, 2.277, 0.023, 0.019, 0.465, 0.028, 0.995, 2.544, 0.041, 0.033, 0.478, 0.026, 0.288, 0.340, 0.026, 0.012, 0.255, 0.033, 25.069, 0.370, 0.010
0.193, 0.000, 0.000, 0.000, 0.000, 0.000, 0.004, 2.672, 0.021, 0.019, 0.462, 0.027, 1.004, 2.759, 0.041, 0.033, 0.481, 0.026, 0.291, 0.319, 0.013, 0.016, 0.317, 0.034, 25.053, 0.366, 0.011
0.133, 0.000, 0.000, 0.000, 0.000, 0.000, 0.004, 2.180, 0.022, 0.019, 0.459, 0.028, 0.991, 2.569, 0.043, 0.033, 0.494, 0.026, 0.299, 0.388, 0.013, 0.011, 0.261, 0.034, 25.165, 0.343, 0.010
Running benchmark for /home/pei/Project/benchmarks/dsb-postgres/code/tools/1_instance_out_aqp/1/query099/query099_0.sql...
0.161, 0.000, 0.000, 0.000, 0.000, 0.101, 3.390, 1513.628, 0.010
0.137, 0.000, 0.000, 0.000, 0.000, 0.105, 3.137, 15.024, 0.012
0.137, 0.000, 0.000, 0.000, 0.000, 0.096, 3.185, 14.837, 0.011
0.136, 0.000, 0.000, 0.000, 0.000, 0.093, 3.166, 15.279, 0.011
0.136, 0.000, 0.000, 0.000, 0.000, 0.108, 3.134, 14.991, 0.010
0.142, 0.000, 0.000, 0.000, 0.000, 0.096, 3.211, 43.947, 0.009
0.138, 0.000, 0.000, 0.000, 0.000, 0.108, 3.075, 15.267, 0.011
0.137, 0.000, 0.000, 0.000, 0.000, 0.092, 3.134, 15.008, 0.010
0.138, 0.000, 0.000, 0.000, 0.000, 0.094, 3.144, 15.063, 0.011
0.575, 0.000, 0.000, 0.000, 0.000, 0.093, 3.085, 14.772, 0.011
0.140, 0.000, 0.000, 0.000, 0.000, 0.096, 3.160, 15.634, 0.010
0.192, 0.000, 0.000, 0.000, 0.000, 0.097, 3.169, 14.843, 0.011
0.167, 0.000, 0.000, 0.000, 0.000, 0.094, 3.138, 15.148, 0.032
0.166, 0.000, 0.000, 0.000, 0.000, 0.093, 3.147, 16.102, 0.009
0.526, 0.000, 0.000, 0.000, 0.000, 0.097, 3.168, 14.915, 0.010
Running benchmark for /home/pei/Project/benchmarks/dsb-postgres/code/tools/1_instance_out_aqp/1/query099_spj/query099_spj_0.sql...
0.019, 0.000, 0.000, 0.000, 0.000, 0.053, 1079.841, 0.487, 0.015
0.019, 0.000, 0.000, 0.000, 0.000, 0.055, 26.955, 1.408, 0.016
0.051, 0.000, 0.000, 0.000, 0.000, 0.057, 27.278, 0.452, 0.011
0.018, 0.000, 0.000, 0.000, 0.000, 0.069, 27.123, 0.482, 0.012
0.018, 0.000, 0.000, 0.000, 0.000, 0.056, 27.176, 0.518, 0.011
0.018, 0.000, 0.000, 0.000, 0.000, 0.058, 27.200, 1.315, 0.011
0.022, 0.000, 0.000, 0.000, 0.000, 0.059, 26.623, 0.643, 0.011
0.017, 0.000, 0.000, 0.000, 0.000, 0.055, 26.640, 1.553, 0.011
0.017, 0.000, 0.000, 0.000, 0.000, 0.057, 27.137, 1.837, 0.011
0.017, 0.000, 0.000, 0.000, 0.000, 0.056, 27.614, 0.517, 0.011
0.017, 0.000, 0.000, 0.000, 0.000, 0.071, 27.253, 0.488, 0.014
0.020, 0.000, 0.000, 0.000, 0.000, 0.056, 27.021, 0.515, 0.013
0.017, 0.000, 0.000, 0.000, 0.000, 0.069, 26.661, 1.538, 0.010
0.017, 0.000, 0.000, 0.000, 0.000, 0.058, 26.997, 0.534, 0.010
0.018, 0.000, 0.000, 0.000, 0.000, 0.057, 27.234, 1.146, 0.011
Running benchmark for /home/pei/Project/benchmarks/dsb-postgres/code/tools/1_instance_out_aqp/1/query100/query100_0.sql...
0.031, 0.000, 0.000, 0.000, 0.000, 0.000, 0.876, 1.968, 0.024, 0.019, 1.280, 0.105, 9.592, 431.087, 0.010
0.029, 0.000, 0.000, 0.000, 0.000, 0.000, 0.012, 1.582, 0.017, 0.025, 0.905, 0.051, 1.747, 3.864, 0.010
0.028, 0.000, 0.000, 0.000, 0.000, 0.000, 0.004, 1.681, 0.017, 0.024, 1.411, 0.066, 1.856, 4.127, 0.009
0.026, 0.000, 0.000, 0.000, 0.000, 0.000, 0.004, 1.585, 0.017, 0.022, 0.750, 0.051, 1.757, 3.840, 0.009
0.029, 0.000, 0.000, 0.000, 0.000, 0.000, 0.004, 1.584, 0.031, 0.022, 0.747, 0.051, 1.737, 3.532, 0.009
0.030, 0.000, 0.000, 0.000, 0.000, 0.000, 0.004, 2.194, 0.017, 0.020, 0.705, 0.046, 1.714, 3.451, 0.008
0.028, 0.000, 0.000, 0.000, 0.000, 0.000, 0.005, 2.244, 0.021, 0.024, 1.403, 0.043, 1.729, 3.709, 0.009
0.028, 0.000, 0.000, 0.000, 0.000, 0.000, 0.004, 2.072, 0.015, 0.020, 0.771, 0.046, 1.690, 3.814, 0.009
0.029, 0.000, 0.000, 0.000, 0.000, 0.000, 0.005, 2.449, 0.015, 0.019, 0.706, 0.046, 1.687, 3.707, 0.009
0.027, 0.000, 0.000, 0.000, 0.000, 0.000, 0.004, 1.502, 0.032, 0.030, 1.488, 0.072, 2.290, 3.806, 0.009
0.027, 0.000, 0.000, 0.000, 0.000, 0.000, 0.004, 1.549, 0.030, 0.022, 0.798, 0.051, 1.713, 3.937, 0.009
0.031, 0.000, 0.000, 0.000, 0.000, 0.000, 0.004, 1.579, 0.017, 0.022, 0.749, 0.050, 1.687, 3.266, 0.008
0.028, 0.000, 0.000, 0.000, 0.000, 0.000, 0.004, 1.588, 0.069, 0.022, 0.764, 0.064, 1.763, 3.935, 0.009
0.026, 0.000, 0.000, 0.000, 0.000, 0.000, 0.005, 1.543, 0.022, 0.027, 0.962, 0.064, 1.692, 3.522, 0.009
0.028, 0.000, 0.000, 0.000, 0.000, 0.000, 0.005, 1.561, 0.029, 0.022, 0.753, 0.050, 1.733, 3.890, 0.010
Running benchmark for /home/pei/Project/benchmarks/dsb-postgres/code/tools/1_instance_out_aqp/1/query100_spj/query100_spj_0.sql...
0.040, 0.000, 0.000, 0.000, 0.000, 0.000, 0.004, 2.075, 0.023, 0.015, 0.754, 0.046, 1.563, 3.773, 0.011
0.035, 0.000, 0.000, 0.000, 0.000, 0.000, 0.008, 1.600, 0.016, 0.019, 0.733, 0.108, 1.555, 3.396, 0.013
0.038, 0.000, 0.000, 0.000, 0.000, 0.000, 0.004, 1.579, 0.030, 0.021, 0.764, 0.048, 1.578, 3.657, 0.011
0.035, 0.000, 0.000, 0.000, 0.000, 0.000, 0.004, 2.645, 0.018, 0.017, 0.749, 0.049, 1.586, 3.387, 0.011
0.037, 0.000, 0.000, 0.000, 0.000, 0.000, 0.004, 1.583, 0.030, 0.020, 0.774, 0.049, 1.571, 3.356, 0.010
0.034, 0.000, 0.000, 0.000, 0.000, 0.000, 0.003, 1.585, 0.034, 0.020, 0.726, 0.049, 1.615, 3.373, 0.011
0.045, 0.000, 0.000, 0.000, 0.000, 0.000, 0.004, 1.545, 0.016, 0.018, 0.739, 0.054, 1.615, 3.213, 0.010
0.035, 0.000, 0.000, 0.000, 0.000, 0.000, 0.004, 1.567, 0.030, 0.019, 0.762, 0.049, 1.571, 3.221, 0.010
0.039, 0.000, 0.000, 0.000, 0.000, 0.000, 0.003, 1.662, 0.020, 0.020, 0.725, 0.049, 1.569, 3.474, 0.010
0.032, 0.000, 0.000, 0.000, 0.000, 0.000, 0.003, 2.828, 0.020, 0.018, 0.710, 0.050, 1.592, 3.293, 0.010
0.038, 0.000, 0.000, 0.000, 0.000, 0.000, 0.004, 1.543, 0.029, 0.020, 0.728, 0.049, 1.578, 3.575, 0.011
0.033, 0.000, 0.000, 0.000, 0.000, 0.000, 0.003, 2.366, 0.017, 0.017, 0.691, 0.048, 1.614, 3.134, 0.011
0.034, 0.000, 0.000, 0.000, 0.000, 0.000, 0.004, 2.268, 0.018, 0.021, 0.783, 0.050, 1.605, 3.353, 0.010
0.035, 0.000, 0.000, 0.000, 0.000, 0.000, 0.004, 1.547, 0.022, 0.024, 0.767, 0.049, 1.569, 3.526, 0.011
0.037, 0.000, 0.000, 0.000, 0.000, 0.000, 0.004, 3.611, 0.018, 0.018, 0.713, 0.049, 1.583, 3.436, 0.013
Running benchmark for /home/pei/Project/benchmarks/dsb-postgres/code/tools/1_instance_out_aqp/1/query101/query101_0.sql...
15.236, 0.000, 0.000, 0.000, 0.000, 0.000, 0.004, 23.778, 0.041, 0.028, 0.873, 0.063, 11.781, 429.537, 0.010
16.149, 0.000, 0.000, 0.000, 0.000, 0.000, 0.005, 4.136, 0.028, 0.029, 0.811, 0.057, 2.185, 2.965, 0.009
15.889, 0.000, 0.000, 0.000, 0.000, 0.000, 0.004, 4.441, 0.045, 0.030, 0.807, 0.058, 2.085, 3.895, 0.009
14.791, 0.000, 0.000, 0.000, 0.000, 0.000, 0.005, 4.085, 0.030, 0.030, 0.828, 0.058, 2.099, 3.308, 0.010
16.004, 0.000, 0.000, 0.000, 0.000, 0.000, 0.005, 4.113, 0.042, 0.027, 0.812, 0.057, 2.062, 2.835, 0.009
15.984, 0.000, 0.000, 0.000, 0.000, 0.000, 0.004, 4.469, 0.047, 0.030, 0.807, 0.058, 2.099, 2.931, 0.010
16.373, 0.000, 0.000, 0.000, 0.000, 0.000, 0.005, 4.370, 0.031, 0.030, 0.836, 0.066, 2.093, 2.945, 0.010
16.157, 0.000, 0.000, 0.000, 0.000, 0.000, 0.005, 4.196, 0.032, 0.030, 0.807, 0.057, 2.284, 2.812, 0.010
15.916, 0.000, 0.000, 0.000, 0.000, 0.000, 0.004, 4.092, 0.042, 0.029, 0.815, 0.087, 2.153, 3.097, 0.010
15.039, 0.000, 0.000, 0.000, 0.000, 0.000, 0.005, 4.195, 0.029, 0.029, 0.826, 0.058, 2.114, 3.534, 0.010
15.889, 0.000, 0.000, 0.000, 0.000, 0.000, 0.005, 4.232, 0.032, 0.029, 0.821, 0.058, 2.127, 2.715, 0.010
15.287, 0.000, 0.000, 0.000, 0.000, 0.000, 0.005, 4.020, 0.030, 0.030, 0.854, 0.057, 2.052, 3.106, 0.010
15.318, 0.000, 0.000, 0.000, 0.000, 0.000, 0.004, 4.605, 0.036, 0.029, 0.822, 0.059, 2.113, 2.644, 0.010
15.931, 0.000, 0.000, 0.000, 0.000, 0.000, 0.005, 4.576, 0.037, 0.031, 0.818, 0.057, 2.129, 3.150, 0.012
15.189, 0.000, 0.000, 0.000, 0.000, 0.000, 0.005, 4.063, 0.030, 0.029, 0.832, 0.058, 2.106, 2.933, 0.009
Running benchmark for /home/pei/Project/benchmarks/dsb-postgres/code/tools/1_instance_out_aqp/1/query101_spj/query101_spj_0.sql...
0.057, 0.000, 0.000, 0.000, 0.000, 0.000, 0.005, 4.958, 0.050, 0.023, 0.760, 0.069, 18.019, 29.268, 0.011
0.052, 0.000, 0.000, 0.000, 0.000, 0.000, 0.005, 4.331, 0.032, 0.026, 0.768, 0.049, 2.010, 2.321, 0.011
0.051, 0.000, 0.000, 0.000, 0.000, 0.000, 0.005, 4.087, 0.026, 0.025, 0.761, 0.050, 2.003, 2.673, 0.012
0.052, 0.000, 0.000, 0.000, 0.000, 0.000, 0.004, 4.030, 0.028, 0.026, 0.779, 0.050, 2.110, 2.662, 0.011
0.052, 0.000, 0.000, 0.000, 0.000, 0.000, 0.004, 4.183, 0.031, 0.026, 0.772, 0.050, 2.001, 2.325, 0.012
0.056, 0.000, 0.000, 0.000, 0.000, 0.000, 0.006, 4.043, 0.027, 0.033, 0.806, 0.049, 1.960, 2.790, 0.011
0.066, 0.000, 0.000, 0.000, 0.000, 0.000, 0.004, 4.266, 0.031, 0.026, 0.790, 0.058, 2.007, 2.513, 0.012
0.051, 0.000, 0.000, 0.000, 0.000, 0.000, 0.005, 4.020, 0.027, 0.025, 0.761, 0.049, 2.015, 3.277, 0.011
0.061, 0.000, 0.000, 0.000, 0.000, 0.000, 0.005, 4.103, 0.025, 0.025, 0.787, 0.078, 2.766, 2.391, 0.012
0.054, 0.000, 0.000, 0.000, 0.000, 0.000, 0.005, 4.408, 0.031, 0.026, 0.778, 0.050, 2.016, 2.586, 0.011
0.054, 0.000, 0.000, 0.000, 0.000, 0.000, 0.005, 4.108, 0.030, 0.032, 1.489, 0.075, 2.045, 2.495, 0.012
0.050, 0.000, 0.000, 0.000, 0.000, 0.000, 0.004, 4.036, 0.030, 0.026, 0.754, 0.049, 2.008, 2.712, 0.011
0.050, 0.000, 0.000, 0.000, 0.000, 0.000, 0.004, 4.136, 0.029, 0.026, 0.786, 0.051, 2.034, 2.484, 0.011
0.053, 0.000, 0.000, 0.000, 0.000, 0.000, 0.004, 4.253, 0.044, 0.034, 1.467, 0.051, 2.053, 2.896, 0.011
0.051, 0.000, 0.000, 0.000, 0.000, 0.000, 0.004, 4.864, 0.033, 0.026, 0.779, 0.052, 2.072, 2.703, 0.012
Running benchmark for /home/pei/Project/benchmarks/dsb-postgres/code/tools/1_instance_out_aqp/1/query102/query102_0.sql...
0.058, 0.000, 0.000, 0.000, 0.000, 0.000, 0.004, 6.442, 0.038, 0.027, 8.426, 0.026, 0.528, 93.455, 0.042, 0.024, 3.449, 0.028, 0.305, 0.169, 0.015, 0.014, 2.026, 0.063, 16.800, 5.797, 0.010
7.950, 0.000, 0.000, 0.000, 0.000, 0.000, 0.004, 3.910, 0.035, 0.031, 8.500, 0.026, 0.526, 92.903, 0.019, 0.019, 3.347, 0.028, 0.327, 0.080, 0.013, 0.030, 1.957, 0.062, 3.799, 5.014, 0.023
7.548, 0.000, 0.000, 0.000, 0.000, 0.000, 0.004, 5.023, 0.038, 0.033, 8.523, 0.027, 0.542, 91.808, 0.020, 0.018, 3.268, 0.038, 0.273, 0.066, 0.032, 0.028, 1.999, 0.070, 4.013, 4.498, 0.009
7.629, 0.000, 0.000, 0.000, 0.000, 0.000, 0.004, 4.879, 0.041, 0.033, 8.536, 0.028, 0.548, 92.526, 0.019, 0.018, 3.351, 0.028, 0.268, 0.067, 0.013, 0.016, 2.020, 0.047, 3.897, 4.658, 0.009
7.948, 0.000, 0.000, 0.000, 0.000, 0.000, 0.004, 5.538, 0.039, 0.036, 8.542, 0.039, 0.562, 92.234, 0.020, 0.018, 3.338, 0.028, 0.268, 0.106, 0.015, 0.016, 2.033, 0.047, 3.827, 5.056, 0.009
7.472, 0.000, 0.000, 0.000, 0.000, 0.000, 0.004, 4.813, 0.040, 0.035, 8.486, 0.028, 0.552, 92.438, 0.020, 0.018, 3.364, 0.029, 0.268, 0.068, 0.014, 0.016, 2.039, 0.047, 3.912, 4.761, 0.009
7.554, 0.000, 0.000, 0.000, 0.000, 0.000, 0.004, 4.375, 0.039, 0.033, 8.554, 0.027, 0.532, 92.376, 0.019, 0.018, 3.333, 0.028, 0.264, 0.067, 0.013, 0.016, 2.028, 0.047, 3.841, 4.623, 0.008
7.156, 0.000, 0.000, 0.000, 0.000, 0.000, 0.004, 4.657, 0.038, 0.044, 8.933, 0.028, 0.548, 92.027, 0.020, 0.018, 3.353, 0.028, 0.264, 0.066, 0.013, 0.016, 2.008, 0.046, 3.867, 4.736, 0.009
7.238, 0.000, 0.000, 0.000, 0.000, 0.000, 0.004, 4.627, 0.041, 0.033, 8.588, 0.026, 0.536, 92.282, 0.019, 0.017, 3.253, 0.040, 0.262, 0.136, 0.013, 0.015, 1.992, 0.076, 4.004, 5.102, 0.021
8.010, 0.000, 0.000, 0.000, 0.000, 0.000, 0.004, 4.384, 0.038, 0.033, 8.533, 0.030, 0.577, 92.666, 0.020, 0.018, 3.364, 0.028, 0.265, 0.067, 0.013, 0.016, 2.009, 0.046, 3.927, 5.140, 0.009
6.822, 0.000, 0.000, 0.000, 0.000, 0.000, 0.004, 5.800, 0.039, 0.031, 8.509, 0.027, 0.532, 92.323, 0.019, 0.018, 3.336, 0.028, 0.268, 0.072, 0.015, 0.016, 2.036, 0.048, 3.824, 4.909, 0.025
7.612, 0.000, 0.000, 0.000, 0.000, 0.000, 0.004, 6.027, 0.044, 0.032, 8.464, 0.027, 0.510, 92.304, 0.020, 0.018, 3.348, 0.028, 0.267, 0.100, 0.014, 0.016, 2.007, 0.046, 3.866, 4.342, 0.008
7.486, 0.000, 0.000, 0.000, 0.000, 0.000, 0.004, 4.772, 0.040, 0.034, 8.627, 0.027, 0.548, 92.588, 0.019, 0.018, 3.326, 0.029, 0.285, 0.082, 0.014, 0.016, 2.024, 0.048, 3.863, 4.872, 0.010
8.013, 0.000, 0.000, 0.000, 0.000, 0.000, 0.004, 5.252, 0.041, 0.034, 8.561, 0.027, 0.558, 93.234, 0.021, 0.019, 3.358, 0.048, 0.271, 0.067, 0.013, 0.016, 2.033, 0.064, 3.866, 4.653, 0.009
6.622, 0.000, 0.000, 0.000, 0.000, 0.000, 0.004, 5.039, 0.052, 0.032, 8.553, 0.027, 0.539, 92.491, 0.033, 0.018, 3.270, 0.028, 0.265, 0.065, 0.037, 0.028, 1.996, 0.045, 3.785, 4.933, 0.009
Running benchmark for /home/pei/Project/benchmarks/dsb-postgres/code/tools/1_instance_out_aqp/1/query102_spj/query102_spj_0.sql...
0.104, 0.000, 0.000, 0.000, 0.000, 0.000, 0.004, 6.310, 0.038, 0.033, 8.426, 0.026, 0.547, 91.371, 0.041, 0.023, 3.366, 0.028, 0.296, 0.268, 0.015, 0.014, 2.015, 0.060, 17.634, 4.880, 0.011
0.076, 0.000, 0.000, 0.000, 0.000, 0.000, 0.004, 4.913, 0.035, 0.042, 8.275, 0.026, 0.577, 89.328, 0.018, 0.018, 3.292, 0.028, 0.267, 0.139, 0.013, 0.016, 1.973, 0.044, 3.617, 4.985, 0.009
0.081, 0.000, 0.000, 0.000, 0.000, 0.000, 0.005, 4.187, 0.028, 0.041, 8.505, 0.026, 0.570, 90.306, 0.019, 0.018, 3.259, 0.043, 0.270, 0.075, 0.013, 0.016, 1.972, 0.063, 3.644, 5.168, 0.010
0.066, 0.000, 0.000, 0.000, 0.000, 0.000, 0.004, 4.383, 0.031, 0.041, 8.576, 0.027, 0.593, 90.684, 0.019, 0.018, 3.352, 0.029, 0.268, 0.114, 0.015, 0.017, 2.017, 0.045, 3.654, 4.605, 0.011
0.127, 0.000, 0.000, 0.000, 0.000, 0.000, 0.004, 4.922, 0.034, 0.044, 8.305, 0.026, 0.574, 89.248, 0.018, 0.017, 3.269, 0.028, 0.262, 0.066, 0.031, 0.029, 2.002, 0.044, 3.685, 4.757, 0.009
0.064, 0.000, 0.000, 0.000, 0.000, 0.000, 0.004, 3.571, 0.031, 0.041, 8.460, 0.027, 0.582, 90.854, 0.031, 0.017, 3.280, 0.029, 0.318, 0.083, 0.013, 0.016, 1.989, 0.044, 3.663, 5.072, 0.010
0.064, 0.000, 0.000, 0.000, 0.000, 0.000, 0.004, 4.766, 0.029, 0.040, 8.553, 0.027, 0.592, 90.527, 0.018, 0.017, 3.279, 0.028, 0.263, 0.076, 0.013, 0.016, 1.972, 0.044, 3.649, 4.951, 0.010
0.067, 0.000, 0.000, 0.000, 0.000, 0.000, 0.004, 4.179, 0.028, 0.040, 8.537, 0.027, 0.584, 90.724, 0.031, 0.018, 3.289, 0.029, 0.268, 0.066, 0.034, 0.029, 1.999, 0.044, 3.626, 5.009, 0.010
0.107, 0.000, 0.000, 0.000, 0.000, 0.000, 0.003, 4.633, 0.035, 0.043, 8.415, 0.026, 0.571, 91.345, 0.020, 0.018, 3.269, 0.028, 0.264, 0.068, 0.031, 0.030, 1.964, 0.091, 3.645, 4.936, 0.010
0.067, 0.000, 0.000, 0.000, 0.000, 0.000, 0.004, 4.305, 0.035, 0.043, 8.442, 0.026, 0.584, 90.512, 0.018, 0.017, 3.328, 0.028, 0.319, 0.160, 0.014, 0.016, 1.965, 0.099, 4.163, 5.060, 0.012
0.069, 0.000, 0.000, 0.000, 0.000, 0.000, 0.004, 4.895, 0.034, 0.045, 8.400, 0.026, 0.574, 90.032, 0.018, 0.018, 3.272, 0.029, 0.265, 0.067, 0.031, 0.029, 1.961, 0.044, 3.645, 4.779, 0.010
0.071, 0.000, 0.000, 0.000, 0.000, 0.000, 0.004, 4.584, 0.036, 0.044, 8.594, 0.027, 0.595, 91.510, 0.017, 0.018, 3.265, 0.028, 0.262, 0.087, 0.013, 0.016, 1.988, 0.071, 5.369, 5.915, 0.014
0.069, 0.000, 0.000, 0.000, 0.000, 0.000, 0.004, 3.764, 0.031, 0.044, 8.696, 0.027, 0.587, 91.084, 0.019, 0.018, 3.323, 0.028, 0.265, 0.066, 0.013, 0.016, 1.963, 0.044, 3.669, 4.986, 0.010
0.079, 0.000, 0.000, 0.000, 0.000, 0.000, 0.004, 4.965, 0.033, 0.041, 8.425, 0.027, 0.589, 90.889, 0.018, 0.018, 3.263, 0.042, 0.274, 0.088, 0.014, 0.016, 1.986, 0.063, 3.664, 4.861, 0.010
0.070, 0.000, 0.000, 0.000, 0.000, 0.000, 0.004, 5.301, 0.039, 0.044, 8.499, 0.027, 0.584, 90.673, 0.018, 0.017, 3.279, 0.029, 0.261, 0.074, 0.038, 0.016, 1.955, 0.064, 3.642, 4.976, 0.010
